boven :

x = 0.433071
y = 3.661417
dia = 0.254
drill = 0.16

onder:

x = 0.19685
y = 0.275591
dia = 0.254
drill = 0.16

boven rechts:

x = 6.102362
y = 3.661417
dia = 0.254
drill = 0.16

onder rechts:

x = 6.102362
y = 0.275591
dia = 0.254
drill = 0.16